100
18
0.495 744
0.664 229
0.989 260
0.226 692
0.523 376
0.065 614
0.629 855
0.988 685
0.312 64
0.378 526
0.212 557
0.525 579
0.245 876
0.149 862
0.823 375
0.612 426
0.994 506
0.757 727
0.9115
17
0.107 149
0.322 295
0.927 888
0.69 838
0.506 646
0.556 365
0.345 128
0.956 486
0.814 797
0.791 646
0.774 296
0.852 108
0.908 760
0.18 604
0.673 460
0.446 667
0.805 579
0.5575
4
0.505 367
0.882 591
0.222 88
0.53 560
0.98
4
0.326 552
0.249 307
0.682 320
0.871 171
0.7015
5
0.51 756
0.648 437
0.419 803
0.536 853
0.432 450
0.855
1
0.464 855
0.6955
6
0.804 803
0.25 610
0.147 737
0.214 82
0.453 36
0.339 438
0.807
16
0.073 84
0.798 73
0.828 925
0.031 453
0.799 438
0.724 350
0.339 822
0.293 482
0.827 307
0.547 115
0.753 798
0.847 342
0.734 523
0.875 834
0.405 68
0.607 39
0.6425
19
0.776 291
0.37 717
0.764 634
0.763 32
0.646 591
0.859 733
0.907 903
0.426 532
0.969 468
0.903 536
0.836 488
0.631 653
0.192 480
0.949 799
0.678 142
0.885 739
0.677 520
0.55 783
0.905 495
0.6915
1
0.382 17
0.5765
4
0.448 900
0.647 453
0.213 233
0.788 157
0.554
11
0.469 172
0.5 675
0.868 349
0.88 107
0.549 291
0.156 994
0.669 24
0.164 311
0.637 725
0.943 188
0.926 592
0.54
13
0.577 214
0.446 704
0.322 720
0.485 567
0.641 105
0.725 45
0.88 755
0.289 100
0.572 627
0.292 469
0.254 57
0.271 278
0.33 475
0.585
11
0.313 420
0.392 558
0.726 882
0.463 104
0.843 611
0.212 100
0.362 799
0.417 143
0.531 786
0.609 613
0.279 977
0.696
18
0.652 32
0.987 521
0.891 736
0.322 651
0.47 777
0.001 7
0.028 852
0.28 176
0.516 338
0.962 765
0.276 136
0.95 244
0.989 533
0.166 664
0.217 298
0.387 82
0.644 619
0.096 489
0.787
17
0.685 498
0.379 117
0.744 397
0.644 45
0.541 193
0.927 536
0.032 278
0.447 909
0.322 552
0.65 610
0.913 596
0.759 72
0.033 560
0.029 618
0.605 355
0.657 665
0.174 798
0.5235
6
0.69 537
0.561 701
0.715 947
0.691 766
0.54 271
0.769 648
0.88
7
0.735 160
0.829 876
0.902 305
0.109 522
0.432 550
0.149 816
0.845 785
0.5615
11
0.308 980
0.326 155
0.987 992
0.095 163
0.646 511
0.435 908
0.157 201
0.312 416
0.486 46
0.116 896
0.47 927
0.8105
6
0.105 62
0.587 300
0.669 116
0.695 442
0.017 837
0.968 707
0.7795
15
0.198 483
0.856 182
0.887 674
0.953 144
0.652 2
0.973 61
0.998 175
0.111 397
0.201 556
0.324 924
0.803 551
0.879 396
0.078 938
0.856 939
0.957 772
0.868
14
0.168 678
0.209 911
0.094 780
0.524 976
0.48 51
0.693 919
0.533 752
0.096 695
0.704 768
0.589 436
0.905 845
0.458 488
0.682 995
0.935 565
0.928
3
0.804 835
0.574 846
0.218 361
0.6375
1
0.261 525
0.76
15
0.164 63
0.995 797
0.525 529
0.41 945
0.827 419
0.826 382
0.209 579
0.745 503
0.385 718
0.058 385
0.674 52
0.807 805
0.823 713
0.677 482
0.381 538
0.961
9
0.531 456
0.688 203
0.52 727
0.026 173
0.389 419
0.528 882
0.159 783
0.729 74
0.362 925
0.9875
15
0.281 23
0.488 702
0.586 81
0.572 925
0.325 492
0.261 666
0.964 393
0.54 185
0.628 49
0.482 856
0.651 111
0.791 996
0.764 537
0.921 449
0.25 244
0.824
11
0.384 466
0.857 805
0.897 95
0.256 804
0.76 787
0.534 283
0.257 885
0.502 87
0.623 176
0.133 130
0.413 688
0.6135
16
0.503 204
0.633 890
0.653 847
0.942 39
0.171 226
0.785 113
0.967 117
0.051 554
0.579 747
0.568 548
0.831 277
0.352 176
0.503 711
0.759 251
0.702 76
0.466 85
0.64
15
0.601 390
0.608 43
0.949 760
0.849 272
0.563 744
0.837 30
0.102 335
0.097 24
0.611 311
0.33 632
0.692 843
0.49 789
0.568 803
0.769 718
0.771 980
0.512
8
0.987 460
0.369 57
0.182 954
0.457 896
0.111 544
0.769 446
0.181 234
0.854 992
0.669
11
0.823 743
0.751 608
0.432 866
0.59 894
0.289 990
0.224 136
0.289 383
0.38 141
0.818 43
0.181 400
0.652 920
0.7855
3
0.852 697
0.483 63
0.621 752
0.9235
7
0.007 125
0.182 911
0.802 323
0.08 358
0.164 587
0.332 622
0.853 627
0.7945
3
0.065 79
0.711 803
0.122 287
0.6555
6
0.8 646
0.631 956
0.387 928
0.266 981
0.998 17
0.26 322
0.5495
3
0.119 950
0.519 132
0.032 639
0.7615
17
0.653 117
0.839 769
0.762 394
0.775 264
0.126 92
0.151 874
0.671 377
0.767 272
0.54 955
0.944 786
0.689 731
0.643 526
0.013 956
0.905 770
0.679 110
0.725 633
0.632 714
0.6495
10
0.75 126
0.149 847
0.83 125
0.268 892
0.674 310
0.206 457
0.047 762
0.414 325
0.796 956
0.185 62
0.9455
13
0.898 177
0.262 283
0.915 744
0.015 729
0.227 349
0.516 880
0.802 754
0.072 828
0.139 334
0.936 267
0.967 285
0.783 202
0.202 246
0.568
13
0.497 153
0.31 764
0.501 945
0.584 532
0.772 569
0.512 426
0.231 870
0.922 461
0.719 230
0.714 201
0.978 761
0.179 884
0.744 280
0.8875
3
0.329 493
0.483 350
0.375 405
0.6255
19
0.939 401
0.683 757
0.8 198
0.661 994
0.141 109
0.061 598
0.913 243
0.654 560
0.027 456
0.549 322
0.454 94
0.472 816
0.238 331
0.441 579
0.043 152
0.12 145
0.062 988
0.017 380
0.927 839
0.6125
8
0.815 492
0.246 747
0.619 486
0.408 353
0.343 230
0.416 267
0.438 899
0.948 20
0.7995
9
0.239 342
0.35 248
0.545 36
0.545 282
0.867 350
0.309 634
0.189 325
0.538 375
0.018 487
0.548
6
0.32 550
0.419 616
0.778 530
0.262 598
0.503 114
0.508 65
0.663
6
0.367 475
0.585 63
0.491 576
0.945 741
0.323 44
0.965 891
0.6065
9
0.941 324
0.029 468
0.957 47
0.966 875
0.855 648
0.917 416
0.461 525
0.883 918
0.582 573
0.8965
16
0.918 383
0.226 295
0.584 151
0.774 457
0.591 136
0.176 474
0.207 486
0.928 818
0.514 862
0.325 790
0.895 281
0.422 702
0.171 606
0.272 277
0.311 498
0.951 475
0.926
7
0.7 185
0.143 504
0.692 784
0.928 672
0.98 222
0.429 130
0.132 227
0.804
4
0.259 873
0.168 616
0.017 132
0.008 234
0.8205
16
0.038 879
0.988 835
0.117 963
0.689 118
0.205 249
0.329 865
0.864 241
0.812 333
0.248 733
0.796 11
0.881 361
0.154 356
0.97 365
0.567 504
0.37 808
0.985 792
0.8575
8
0.278 303
0.067 564
0.595 691
0.578 160
0.167 662
0.31 106
0.676 983
0.329 703
0.8545
7
0.803 310
0.226 800
0.624 562
0.166 148
0.683 858
0.527 306
0.122 302
0.609
17
0.085 341
0.042 627
0.498 534
0.108 662
0.004 55
0.206 677
0.961 569
0.482 7
0.866 310
0.112 888
0.475 370
0.531 908
0.397 635
0.109 837
0.061 603
0.63 511
0.174 477
0.7415
15
0.022 995
0.481 679
0.106 402
0.857 444
0.862 984
0.946 481
0.59 608
0.876 832
0.094 73
0.801 165
0.984 914
0.401 176
0.557 279
0.564 40
0.566 679
0.5965
9
0.434 494
0.441 451
0.803 989
0.913 236
0.969 531
0.767 258
0.717 574
0.608 965
0.677 484
0.673
1
0.945 1
0.849
9
0.465 972
0.491 51
0.119 982
0.673 304
0.445 501
0.966 837
0.709 379
0.681 730
0.649 113
0.8125
8
0.214 503
0.019 149
0.647 538
0.554 886
0.806 917
0.52 668
0.663 849
0.11 251
0.755
12
0.45 10
0.985 817
0.662 429
0.061 262
0.894 931
0.69 160
0.635 617
0.275 416
0.848 364
0.649 897
0.644 328
0.313 18
0.706
7
0.252 405
0.143 672
0.446 845
0.474 762
0.617 766
0.157 138
0.119 850
0.554
1
0.109 27
0.964
15
0.919 459
0.26 323
0.155 546
0.258 813
0.843 578
0.742 605
0.36 653
0.138 271
0.658 496
0.121 834
0.321 995
0.704 202
0.969 84
0.904 296
0.544 394
0.834
12
0.788 701
0.442 259
0.86 798
0.26 345
0.195 2
0.507 822
0.74 739
0.269 329
0.102 629
0.791 25
0.708 479
0.385 982
0.7635
2
0.292 487
0.662 266
0.9195
5
0.752 939
0.208 533
0.887 289
0.343 47
0.191 613
0.7625
7
0.768 330
0.532 52
0.158 902
0.312 54
0.81 914
0.901 768
0.326 670
0.751
8
0.353 172
0.651 862
0.702 694
0.396 628
0.382 577
0.225 170
0.084 466
0.443 854
0.7245
10
0.95 571
0.031 299
0.534 369
0.289 728
0.184 172
0.33 327
0.993 811
0.73 767
0.739 781
0.357 10
0.5355
1
0.714 552
0.623
16
0.146 336
0.528 926
0.009 916
0.774 943
0.354 126
0.133 941
0.226 666
0.584 131
0.924 235
0.646 724
0.535 433
0.365 53
0.859 257
0.12 847
0.682 23
0.372 304
0.938
3
0.277 350
0.5 273
0.673 351
0.6895
4
0.609 268
0.53 4
0.085 109
0.323 361
0.685
18
0.732 872
0.013 23
0.779 132
0.856 566
0.706 726
0.796 640
0.002 860
0.407 564
0.002 253
0.747 698
0.591 731
0.889 573
0.935 139
0.687 692
0.762 193
0.694 244
0.312 117
0.593 957
0.5545
10
0.619 494
0.833 922
0.135 49
0.469 92
0.865 735
0.214 749
0.918 419
0.293 151
0.926 602
0.801 395
0.711
5
0.902 745
0.179 183
0.29 520
0.241 652
0.066 572
0.886
2
0.733 201
0.43 603
0.5275
19
0.02 154
0.066 779
0.933 468
0.415 882
0.692 428
0.111 820
0.742 851
0.831 557
0.004 536
0.704 162
0.118 226
0.493 951
0.902 145
0.105 68
0.945 306
0.955 83
0.267 437
0.909 85
0.168 727
0.957
15
0.392 647
0.674 590
0.727 429
0.063 94
0.777 84
0.622 48
0.009 123
0.46 791
0.625 860
0.867 563
0.776 679
0.599 968
0.426 324
0.123 533
0.018 404
0.9855
11
0.448 781
0.722 600
0.682 13
0.13 742
0.731 527
0.132 307
0.723 711
0.059 13
0.578 574
0.967 846
0.038 177
0.7165
18
0.94 681
0.109 717
0.506 629
0.392 312
0.114 877
0.517 678
0.535 815
0.199 20
0.924 895
0.35 595
0.697 486
0.607 857
0.825 496
0.177 204
0.67 371
0.132 781
0.881 500
0.094 354
0.84
3
0.606 476
0.064 509
0.94 768
0.52
1
0.252 962
0.9185
15
0.415 492
0.191 665
0.85 99
0.254 161
0.491 248
0.842 363
0.795 187
0.943 95
0.93 487
0.814 474
0.669 669
0.799 172
0.501 348
0.177 356
0.306 936
0.8885
17
0.693 103
0.09 793
0.155 232
0.978 228
0.732 512
0.145 778
0.547 852
0.445 708
0.497 882
0.605 382
0.862 846
0.847 688
0.135 14
0.748 743
0.394 630
0.277 510
0.374 656
0.652
19
0.713 78
0.138 681
0.146 60
0.594 166
0.338 929
0.332 904
0.696 433
0.976 614
0.092 96
0.558 6
0.397 489
0.385 851
0.779 260
0.094 961
0.473 907
0.369 697
0.745 181
0.494 231
0.205 77
0.7155
7
0.54 494
0.174 375
0.854 755
0.076 726
0.887 420
0.707 196
0.075 824
0.9705
2
0.151 562
0.41 156
0.715
1
0.845 386
0.747
3
0.836 311
0.604 872
0.724 288
0.9775
7
0.765 736
0.725 593
0.676 401
0.406 955
0.296 256
0.975 791
0.095 903
0.708
15
0.032 270
0.908 349
0.518 448
0.427 165
0.378 82
0.065 286
0.564 147
0.007 423
0.326 129
0.685 14
0.374 244
0.027 959
0.351 908
0.333 91
0.15 497
0.958
15
0.393 407
0.601 875
0.597 653
0.636 364
0.358 28
0.933 276
0.667 30
0.744 364
0.102 418
0.538 8
0.394 985
0.156 15
0.722 599
0.406 144
0.436 312
0.805
9
0.35 595
0.421 168
0.519 896
0.443 252
0.44 757
0.981 729
0.376 511
0.443 351
0.76 394
0.8555
17
0.583 86
0.024 28
0.286 702
0.478 100
0.507 885
0.287 470
0.585 189
0.31 808
0.144 197
0.587 800
0.111 406
0.805 457
0.455 93
0.6 685
0.199 174
0.256 715
0.215 521
0.5435
15
0.143 513
0.259 634
0.144 281
0.557 205
0.604 865
0.43 901
0.356 696
0.04 904
0.086 35
0.226 796
0.498 598
0.143 793
0.933 199
0.451 837
0.785 402
0.8125
13
0.421 853
0.082 543
0.147 485
0.258 674
0.942 30
0.375 78
0.667 865
0.591 385
0.104 824
0.69 407
0.72 579
0.618 28
0.113 633
0.699
4
0.819 758
0.345 581
0.069 72
0.704 951
0.6745
12
0.451 692
0.154 808
0.557 290
0.212 98
0.66 386
0.126 89
0.468 876
0.564 709
0.402 464
0.703 969
0.426 683
0.265 946
0.888
