20
85 52
659 95
18940 70
24953 83
12427 58
5583 63
6274 63
27421 30
28625 95
13807 69
24444 93
6278 46
21999 12
32718 16
2963 7
27792 23
13726 31
23785 41
23343 24
27131 21
154 56
28130 23
7424 80
17897 4
3620 52
1278 76
32377 17
10852 89
29056 48
12456 86
27216 18
2262 39
24694 79
21996 95
30464 96
31887 35
10709 96
23293 29
25928 12
15683 61
15340 85
25008 42
11945 26
8585 37
15119 67
4606 1
9195 74
12637 95
10264 64
29830 84
7064 37
18591 66
5859 99
23817 64
12415 24
18834 88
29905 19
25836 64
4147 54
24414 17
24391 21
30137 94
22922 97
20622 48
2604 97
25502 36
2847 25
24978 66
13934 54
6124 72
464 64
18238 90
14461 15
19353 61
1856 51
10569 5
3789 34
20927 88
28758 0
13519 76
2137 56
29212 36
19388 50
16080 33
31515 82
21392 94
73 90
30383 42
2709 66
30369 85
15351 54
10419 54
32332 97
16378 71
4470 11
4233 62
10311 19
4839 98
10135 97
15297 41
23444 82
31707 29
5978 68
31820 4
29380 75
27371 49
6785 87
27397 95
26218 75
32337 92
10770 45
31269 2
29599 7
23785 33
11481 30
6093 77
21121 49
8375 5
13796 95
24703 77
31920 9
20831 91
21253 94
24997 4
975 0
28331 26
27476 76
27657 5
30729 8
2825 10
11690 4
30300 74
24201 50
30219 15
3879 51
4016 75
14337 7
30437 14
22956 38
25085 34
5924 40
5874 9
19042 22
17567 90
18220 10
31791 63
16433 25
24278 75
597 90
21439 10
31306 50
23109 57
14432 46
19557 47
26270 69
9587 52
25873 67
8461 78
100 60
17998 53
42 86
13123 51
16023 19
15523 32
17549 9
13754 34
4725 61
29863 24
5493 38
26311 48
30210 57
18801 34
13885 24
23268 55
2691 18
6013 39
8255 64
22318 63
18179 99
24363 45
12248 51
15334 31
14034 8
30526 26
27367 63
32499 68
18432 91
20318 69
22353 56
13919 99
10726 47
17046 67
24959 48
13014 81
15262 33
31190 27
21214 96
10794 70
2694 62
24178 22
22622 41
29138 23
24770 46
57 31
6388 11
18790 59
25527 13
13824 1
23577 93
13604 19
17040 4
9229 65
16456 59
26734 14
29884 88
2732 16
388 91
16458 22
2157 20
31397 39
20431 41
19937 81
283 6
17443 53
13748 75
28928 81
17920 86
22838 59
3774 62
666 92
8346 35
16466 25
3582 6
3908 0
19244 27
5838 75
21642 98
8632 36
3900 31
9063 76
6136 34
7507 1
29718 37
30907 90
22759 91
10391 87
32072 1
10190 40
10615 14
10153 90
31013 37
647 98
972 9
18131 60
24386 20
28212 37
12431 17
5379 77
16124 2
17922 45
15724 75
84 52
15855 74
19846 69
917 79
30303 18
9856 36
13112 54
15933 0
25370 82
1621 17
8946 81
12574 73
22266 65
23767 81
26741 92
24308 73
2975 56
22967 96
8676 61
20480 33
3152 38
11110 32
583 99
26758 1
16502 61
23963 57
9225 63
20304 86
1566 83
18386 90
27514 80
25640 55
23675 79
3015 62
31054 43
18017 15
7778 1
9215 23
11549 4
27471 13
19661 14
575 94
14305 83
17610 48
26969 13
15890 1
15995 64
30640 51
24776 51
21320 83
3118 23
8800 31
1407 84
28786 88
21794 45
13119 39
6665 87
21863 2
2274 21
20279 47
27538 95
16834 5
13535 48
18483 2
31852 32
29537 28
30443 18
9124 23
16014 26
13544 94
32702 50
12543 53
24080 58
31804 6
9589 66
12349 47
7089 31
6408 79
1550 45
2138 16
14161 79
29499 81
14829 91
3542 40
27255 27
63 21
5722 88
22839 29
29388 63
24549 22
0 21
11652 11
11421 55
19980 87
19824 45
28364 37
15709 43
7677 17
14748 82
10397 61
20002 48
2683 68
26204 74
9358 17
22051 32
11658 13
28397 30
4277 40
30016 90
12023 81
2669 23
13873 13
24186 68
720 30
15968 11
16290 76
21111 48
14312 35
8494 64
4012 63
10751 59
22101 1
11426 54
10104 6
28801 61
19953 96
8301 56
7475 27
3727 63
29916 62
29857 7
8845 39
1118 43
5624 81
23606 99
6970 87
13383 99
3948 56
22409 60
17268 49
15688 79
289 90
22232 6
26232 68
25988 95
2888 50
27847 45
9477 75
5311 13
69 79
4318 26
19424 11
24291 33
20983 7
29192 96
14930 12
7805 56
25264 37
22806 44
22696 92
8001 60
8509 10
6970 14
7858 12
22658 35
2208 85
7309 5
10821 61
14266 72
23327 30
25225 23
26041 77
31497 64
20678 2
13967 18
15980 27
7085 50
21986 14
22626 8
27453 18
18575 8
22919 72
16554 9
17170 31
28854 88
11275 56
29555 8
9042 26
24018 4
28041 69
25259 57
26220 1
24242 86
3168 22
24744 5
27214 93
462 65
21425 53
8863 21
9966 19
24510 50
2533 75
21294 67
21701 12
30145 35
7972 70
13523 32
9039 81
4151 47
27614 77
21618 61
32652 40
17703 96
32582 8
19411 33
27266 62
32443 48
32210 53
5154 60
92 6
5566 49
4029 64
26733 28
19389 5
31781 10
24453 12
14377 38
4768 68
30595 23
10349 36
10670 53
9846 27
27539 76
21756 51
11447 28
11735 90
13490 95
11645 24
7395 39
14944 43
4706 78
5757 11
29750 50
3889 89
8648 94
24399 54
3480 66
30577 92
26671 86
8331 13
30549 50
11462 39
28035 20
10891 47
21915 71
19933 72
26327 83
1005 46
21759 85
25832 83
28896 51
30740 70
11513 67
32283 99
23159 21
13735 3
12900 23
20014 68
32539 64
32016 47
31231 43
26847 3
12652 85
24317 5
2798 73
1901 34
13745 0
2787 40
8505 29
24349 61
19539 89
11638 36
76 18
1977 46
19552 96
24371 24
21877 52
29196 54
19978 73
8919 67
10858 64
28263 61
25893 9
29668 76
26560 71
17183 98
27564 26
25891 54
26485 19
21261 81
23612 79
20253 36
5991 37
21516 75
15511 62
3744 29
11226 10
5503 22
6179 0
21313 41
25079 57
22216 62
98 65
32212 43
21063 54
11730 45
22934 5
3829 21
21308 18
32136 55
8444 96
9603 75
27560 81
31836 11
2962 67
3359 89
21828 59
19137 40
7793 93
23730 80
3883 32
6577 17
4949 27
9444 8
92 60
24872 18
17186 84
11942 73
10811 55
9895 89
8284 25
18857 54
27408 34
21425 30
16813 66
10980 65
20615 36
7249 79
31843 60
23314 77
31279 2
30099 92
3824 25
13617 15
3067 91
7175 23
23400 19
29956 28
12484 45
10817 58
12806 33
21906 9
11460 30
16220 13
11175 12
16294 28
29 0
13682 9
5197 79
2125 76
6480 90
26661 83
26014 24
16219 89
6086 32
2841 57
20835 1
3558 54
7755 23
4215 76
23561 88
9416 17
13710 18
8044 68
1827 7
15138 86
16034 99
6824 7
3046 40
7380 0
30080 52
14048 63
9643 10
18694 50
899 98
8524 91
27761 86
8354 79
8682 33
13866 74
16217 91
9431 59
19545 42
18233 5
16168 63
17815 76
856 36
29247 15
22728 24
16410 10
7891 55
53 24
24519 0
3417 79
12441 0
83 35
14551 46
24724 64
30429 91
1408 55
5196 18
13773 54
24248 28
1501 55
14497 72
28747 62
5797 35
23748 21
23795 54
2328 61
12547 16
2192 59
4997 45
19843 93
22167 59
28964 5
17466 92
11678 90
2311 49
15971 93
14110 9
6848 53
30048 25
16054 0
11998 95
30213 57
22160 59
23945 94
4939 58
3785 17
26605 73
10702 73
11227 98
12593 28
26541 65
27768 14
27175 52
17571 53
10603 25
20225 91
17518 3
31304 87
14505 87
4581 55
8209 84
66 62
2888 37
21285 81
19477 11
2223 95
17426 55
25797 66
2980 44
14105 16
1328 75
13134 34
12428 82
10 22
21172 64
15437 63
17855 48
28417 22
1297 0
5330 55
18897 35
16447 9
19358 8
32753 5
31101 61
32588 51
16150 0
5445 71
10785 69
13683 24
1051 5
30568 75
13373 68
10305 86
32174 89
6780 53
28152 34
10250 68
4025 58
6821 54
13723 35
28260 50
29061 99
8845 48
3091 91
3242 35
4164 62
25055 80
16243 31
27258 77
393 76
5068 7
9584 37
21560 65
1483 84
5513 42
26084 63
6536 97
6885 81
3279 15
21836 72
15320 20
7833 7
7769 77
24393 42
11476 5
264 78
13417 19
64 92
7408 72
1852 11
21828 66
21569 36
23009 23
7583 37
2482 90
10418 65
15652 99
14976 16
21375 97
12200 75
10870 97
20629 90
13309 24
13815 28
7770 17
20852 5
17023 92
28314 7
19607 18
16409 67
21215 62
19759 17
20151 75
21347 18
11257 39
28790 97
25225 64
10391 84
20013 29
7382 44
14495 15
1499 48
18913 56
18136 22
21201 20
11452 15
9725 54
11690 68
29368 73
15529 45
22126 12
1437 0
6196 75
9590 45
17059 43
12967 84
4071 67
10713 32
23571 0
4833 23
4535 22
29168 6
17589 64
22794 23
28496 38
11706 11
1414 56
30467 77
21152 50
18329 36
21767 82
6226 48
62 62
9943 92
28092 98
11423 14
29299 40
542 75
29871 54
569 12
20135 32
16894 10
28650 15
28818 75
23796 28
29546 97
19712 26
4798 62
23070 37
19003 8
30597 31
4601 57
8746 37
13228 34
32658 93
30 62
24292 39
30941 45
20546 37
16944 74
18009 35
29008 80
30263 62
2773 20
26973 55
17775 40
30230 47
25814 82
4615 35
16644 76
13062 17
19873 58
12848 97
13759 29
25909 5
24519 83
25079 17
28083 82
8276 80
3454 37
28223 94
11737 61
27158 34
27424 76
30511 4
18572 36
24757 70
2474 18
7858 28
16396 56
29036 8
24894 0
18165 75
30971 46
7934 70
63 62
24812 24
31971 49
22574 12
3774 20
19149 5
19630 94
24132 92
30497 85
16019 78
17196 33
15247 2
637 24
20604 25
1937 25
18909 97
6695 65
32139 27
4084 67
18693 72
23960 25
18951 50
13265 43
1374 98
31982 64
28666 73
20103 5
3653 47
9068 80
7603 7
29147 81
31898 88
29174 21
17477 12
10355 20
18756 11
2454 63
30213 2
18524 54
13225 37
9722 21
21776 98
21893 2
14390 75
18419 86
4547 13
29762 93
5853 17
28663 23
31041 71
27594 90
27026 62
26784 34
5104 83
14521 7
19149 65
8491 86
21500 20
12175 63
3083 49
6138 57
21459 54
12079 14
31821 50
34 79
9384 15
25440 4
16024 22
29854 67
11504 95
5967 30
12403 2
16746 79
5863 97
6155 36
24684 6
24425 70
20236 95
9992 10
5267 33
1584 34
4769 78
31901 39
24829 98
19320 53
3628 63
23174 28
20035 8
32160 87
3065 3
11875 86
4096 22
3624 59
12950 88
17462 24
19287 40
3127 10
21333 78
2281 74
66 11
12054 41
18637 67
23750 16
4580 46
28851 54
25945 67
30205 84
31088 69
14367 59
29080 69
21282 12
4160 20
5137 6
15083 20
15788 41
1159 98
1376 78
12794 35
23671 91
27903 49
22925 88
6448 69
22083 82
32611 95
5431 95
17210 30
1075 75
22262 56
28324 89
24972 28
13390 12
19195 46
22591 4
25308 50
31745 88
21819 17
6932 58
24997 13
6811 9
2178 80
342 89
8870 14
27600 56
5922 2
4314 95
9056 81
27191 8
26991 25
21913 55
14491 54
16845 27
17473 58
15410 58
15585 18
29295 40
32629 11
31845 24
20225 18
611 79
19564 48
5017 17
8334 77
16592 24
3210 23
20312 28
21598 33
37 10
14264 44
26574 51
27916 94
28966 27
21219 41
10829 44
19318 26
9299 44
30331 55
13259 78
15679 66
32127 1
25845 95
15202 50
6989 32
19910 56
12617 22
27855 86
30797 67
3624 34
30069 62
21236 90
24362 42
4616 32
6392 51
21079 94
8602 85
18861 25
10071 67
13217 5
13970 47
5317 70
13980 6
15903 13
10444 50
9437 70
24018 70
62 57
5448 22
28650 66
15242 4
29733 77
14792 26
12995 30
3161 37
30203 42
4946 61
932 10
20824 46
29349 7
3250 79
29869 23
1698 28
26660 85
15606 73
18017 83
27098 81
16925 36
13808 33
10791 56
20643 2
25690 72
25272 44
5325 49
3877 31
17737 73
30247 5
8448 87
28303 38
6267 54
26972 61
469 94
13199 56
2343 2
2619 33
1347 89
13532 66
1189 63
6633 50
9894 74
429 17
5363 10
31570 38
12606 76
6207 34
19251 21
29092 0
29358 91
11346 71
14891 8
28369 80
32126 31
32172 0
196 83
29200 24
31641 81
16021 99
25739 10
30300 0
4303 9
62 51
31795 30
28915 59
19796 46
27595 71
27153 77
24537 40
12351 58
29629 14
9886 93
26707 26
14860 15
24456 39
23289 29
1388 40
3867 86
20361 59
19299 23
18036 94
10799 72
3489 4
20929 29
7547 38
7920 56
25524 86
26653 80
15834 39
27753 27
556 39
17189 84
2731 58
24459 84
30324 76
31915 70
5452 12
1447 96
12669 21
20003 76
11233 81
12024 95
7740 29
23336 97
30670 97
279 49
18473 0
3064 86
11329 37
6533 58
4546 27
30707 34
17574 43
16421 23
31494 80
24608 95
21296 35
10687 50
30715 63
14759 19
24407 90
19070 26
22312 62
18520 76
21589 87
77 51
14363 33
18723 44
32680 1
7695 31
4581 35
11422 89
8083 78
15533 78
18841 7
24963 54
412 23
32518 76
22737 36
12078 84
12559 62
7099 51
1065 50
8227 82
13690 87
18383 86
8641 15
31878 90
24880 16
31018 14
28607 55
21666 70
12230 60
14615 70
31435 0
7011 44
13464 43
1734 70
5265 70
20699 34
6469 89
18891 24
23107 52
15553 59
11311 67
21662 2
19221 65
14573 96
32508 81
30489 49
28351 36
3037 12
5400 94
8445 69
3070 89
21300 76
8753 46
5229 27
28435 77
32310 15
22713 75
10353 34
16450 2
22604 23
18535 85
7028 71
27220 29
9094 38
19638 67
30151 61
4374 38
17172 79
2917 56
31772 93
6104 64
30156 42
758 34
12811 11
14319 34
8360 3
10543 62
27792 67
10035 3
