20
12 9 0.84 0.0683333 0.241667
4
331 352 223 328 
22 51 0.468824 0.128824 0.207059
4
37 21 23 317 
15 26 0.276923 0.519808 0.441923
10
138 326 350 291 333 0 89 112 166 2 
11 17 1.29706 0.235588 0.0997059
2
234 142 
19 31 0.0145161 0.165484 0.289355
9
52 30 320 274 29 108 332 218 204 
21 33 0.546364 0.299091 0.330455
3
0 23 132 
4 33 0.137273 0.342273 0.38
8
214 274 354 61 228 92 193 6 
19 53 0.191887 0.202358 0.263208
3
6 285 204 
21 24 0.13125 0.59625 0.43375
7
139 240 167 291 348 212 57 
1 30 0.795 0.0005 0.2405
6
297 110 64 229 344 319 
17 5 1.968 0.741 1.098
10
256 303 121 107 69 5 281 112 169 156 
15 28 0.253929 0.0407143 0.0755357
3
98 147 71 
14 16 1.6125 0.698438 0.452813
10
247 2 132 231 153 338 53 91 38 320 
4 15 0.264 0.367 0.808
2
298 276 
13 48 0.550625 0.158438 0.025
3
289 66 322 
17 12 2.275 0.99 0.3625
8
165 157 182 186 244 27 91 188 
15 54 0.342778 0.0544444 0.178889
4
281 241 346 270 
11 29 0.771724 0.292241 0.473793
1
36 
19 18 0.395 0.438333 0.3225
6
24 9 293 158 98 11 
7 46 0.157826 0.116739 0.298696
6
124 344 217 344 178 29 
