555 734
111 147
393 902
190 590
319 836
877 336
327 112
910 638
231 25
886 144
787 985
534 828
288 619
268 322
358 800
558 6
675 45
235 956
552 284
866 116
478 253
918 133
582 101
228 113
103 64
318 275
24 826
479 960
984 980
333 610
782 626
618 936
813 725
706 516
357 636
592 832
41 864
266 576
206 37
596 660
298 738
665 933
215 634
654 655
118 290
24 538
661 337
713 378
539 387
267 910
880 134
637 715
31 460
366 185
227 576
292 588
304 22
82 666
747 547
342 153
229 700
402 486
739 750
933 701
650 366
85 551
823 479
494 867
902 156
693 199
104 499
216 531
626 410
947 748
632 829
448 18
682 891
952 158
184 610
391 602
368 120
549 375
910 295
84 717
335 793
145 786
314 714
93 47
601 326
266 578
508 68
307 538
868 67
785 385
787 588
826 102
938 433
78 641
890 732
950 612
