41
103 130 481
295 10 292 180 153 368 287 178 226 234 454 257 121 5 425 467 260 268 497 102 342 497 317 442 220 396 284 186 307 53 263 78 212 369 155 99 163 277 86 30 237 234 312 414 329 16 178 312 13 340 330 20 438 371 477 301 72 25 385 217 186 358 101 102 46 388 231 477 428 341 441 285 389 163 462 454 409 33 359 98 420 75 496 211 437 437 484 471 204 252 406 156 462 381 256 152 218 266 61 456 403 422 106 
403 437 294
116 397 494 460 146 25 180 334 412 496 267 443 126 279 56 35 319 351 51 103 52 374 440 23 98 69 453 120 439 312 62 132 203 385 52 282 277 225 481 172 371 351 191 377 24 22 163 336 8 233 7 242 449 189 411 180 9 199 349 345 90 443 84 253 133 213 458 294 130 369 108 305 184 104 453 344 396 36 281 239 378 160 29 137 168 217 428 184 213 120 200 91 81 466 281 35 232 492 265 300 108 98 29 342 74 202 134 455 259 89 228 290 243 70 487 397 367 118 471 143 44 222 93 125 459 319 62 302 306 491 164 220 250 20 307 158 19 178 490 403 301 488 306 467 137 256 394 412 431 251 383 326 85 483 221 64 444 143 431 147 417 62 452 483 126 283 227 485 174 256 184 422 435 243 379 370 74 398 401 185 149 250 192 232 100 265 184 263 284 349 75 53 267 444 369 97 475 3 168 251 411 208 485 330 11 132 336 365 20 63 300 228 371 481 291 485 68 52 221 194 327 87 47 164 46 499 62 344 297 32 195 349 354 194 373 183 143 172 284 446 154 137 61 366 319 49 256 173 187 450 481 105 253 471 350 89 193 437 51 358 192 225 467 294 39 493 163 419 77 383 161 301 103 426 254 2 239 293 258 81 136 413 19 289 342 391 49 327 291 91 497 46 128 443 365 335 218 275 115 488 91 252 156 276 445 287 431 48 17 59 190 116 8 19 496 385 170 201 231 378 178 449 236 128 138 246 97 111 127 290 362 381 132 5 219 417 275 268 177 33 100 425 3 419 377 230 283 274 217 297 473 330 405 47 243 101 316 466 322 458 450 411 444 207 407 404 126 463 101 500 91 491 35 477 174 21 72 363 357 182 259 241 411 4 472 345 367 76 395 439 65 140 319 166 76 45 226 146 104 47 147 201 343 
41 33 167
167 150 65 85 369 152 369 168 204 415 59 386 399 174 171 236 265 350 119 130 43 359 32 467 442 31 353 9 274 304 478 149 5 498 313 454 345 497 289 145 1 
472 103 365
236 325 237 130 495 207 144 341 376 354 29 71 220 138 375 149 370 290 9 119 200 114 254 144 446 347 293 13 277 278 5 280 218 275 87 433 278 295 175 113 444 81 325 165 237 353 318 233 291 246 405 238 93 277 277 184 50 177 483 80 229 365 341 321 288 80 15 461 431 55 209 151 22 368 56 194 389 254 500 457 301 233 106 37 244 195 451 222 101 435 101 426 112 425 184 18 66 70 143 462 62 426 456 83 295 391 494 70 26 416 226 172 106 157 420 53 4 237 362 294 254 185 413 98 171 383 259 246 314 159 465 455 266 240 310 84 355 299 475 13 53 307 248 316 289 437 255 326 250 466 280 19 38 36 57 417 477 286 79 270 429 70 268 233 431 258 146 488 397 391 168 407 137 360 231 211 68 298 84 327 150 106 152 407 353 408 500 136 56 146 66 474 490 304 440 57 239 203 55 477 330 207 71 176 267 398 393 34 108 50 441 338 359 78 178 84 42 227 42 80 25 368 362 94 443 172 237 152 355 191 79 88 165 136 53 479 122 441 64 117 140 44 499 105 325 496 273 263 89 39 315 244 226 355 89 486 376 334 442 21 242 303 205 281 323 305 11 481 472 438 127 339 376 408 227 345 289 371 267 80 83 395 51 159 59 99 53 393 322 423 477 167 150 241 441 64 131 226 475 278 309 264 109 274 134 119 459 314 211 136 275 254 324 196 46 92 143 361 309 145 417 453 326 293 51 212 171 332 58 152 311 42 222 491 256 40 404 428 97 236 378 461 289 359 483 349 464 280 195 24 325 224 204 451 71 376 14 309 67 139 212 182 445 109 483 352 331 450 282 399 372 303 335 405 89 121 105 110 265 231 419 400 52 431 135 18 93 128 59 290 445 119 376 192 407 390 459 273 474 364 309 177 347 246 149 189 100 85 409 11 277 189 6 497 428 490 72 36 408 497 33 374 141 29 206 371 288 462 7 77 113 29 164 145 224 498 145 263 496 219 292 129 160 98 244 288 68 208 244 232 96 435 40 477 172 476 500 254 48 173 6 313 88 351 401 71 462 263 439 473 170 306 
218 407 386
477 374 368 36 14 294 342 302 397 174 372 500 226 495 81 479 375 129 195 223 48 477 463 157 213 170 91 426 56 130 485 304 244 464 262 148 189 268 183 304 40 352 98 342 357 306 13 168 424 36 326 22 461 30 410 5 292 234 83 89 491 76 436 313 389 337 493 401 435 122 114 448 292 253 52 95 375 415 448 109 107 214 310 241 354 68 79 230 143 321 115 161 256 282 295 384 337 74 173 41 4 417 75 372 317 39 360 369 366 482 332 54 22 371 376 84 39 7 415 192 451 140 475 364 151 73 162 375 51 46 182 461 74 389 283 354 283 202 312 494 38 344 457 157 463 276 447 204 483 401 137 315 368 162 449 364 328 492 254 472 197 150 489 305 368 449 265 500 325 223 355 12 221 173 122 371 231 185 144 467 276 217 349 355 282 144 183 83 23 144 258 125 441 38 329 202 69 382 361 484 85 374 402 149 362 316 243 480 397 181 477 459 88 57 127 168 317 105 
321 127 351
120 478 489 224 153 294 190 410 343 456 309 205 450 24 380 260 66 476 368 467 301 424 210 480 434 164 443 137 119 397 487 385 110 495 444 186 464 477 63 243 433 245 115 298 468 489 129 104 282 326 20 251 177 389 6 400 499 159 198 69 214 109 19 161 214 199 6 239 194 325 23 75 123 468 302 15 307 458 268 434 269 340 250 495 160 434 273 379 312 160 287 18 15 384 430 171 173 297 291 263 359 18 28 500 294 445 174 174 68 322 385 177 238 342 404 481 394 321 461 71 307 224 160 320 402 43 415 286 135 34 479 409 233 165 249 496 234 41 331 397 107 97 284 115 274 273 264 461 316 237 197 282 358 22 103 315 474 333 118 464 387 204 82 298 110 265 38 396 102 163 473 277 107 31 485 378 136 312 108 193 82 31 325 137 445 466 230 114 196 466 203 11 126 178 212 54 346 282 231 152 467 496 132 142 472 33 224 487 190 219 79 399 443 246 404 148 493 49 223 31 215 314 443 428 456 140 313 37 286 340 111 336 72 106 440 92 167 170 149 82 241 335 456 309 372 122 212 446 261 342 397 416 276 142 164 227 351 15 161 343 30 260 180 408 266 303 326 427 180 207 428 155 203 275 13 421 132 60 472 285 455 425 96 54 111 213 375 380 198 378 365 71 5 57 385 375 72 475 352 218 218 102 177 86 200 199 425 436 244 118 393 35 184 494 300 269 207 415 496 406 55 
10 327 130
127 104 159 474 423 52 147 274 86 477 
193 459 105
347 432 325 288 90 93 421 434 218 53 120 381 333 236 250 319 341 233 413 70 40 148 185 355 280 404 139 75 112 22 300 349 272 106 30 99 392 445 287 329 148 231 405 400 14 481 173 97 277 41 174 331 397 181 216 115 447 449 361 234 17 394 140 414 301 387 493 1 171 37 97 169 345 310 386 128 130 301 357 370 69 297 153 133 99 302 55 287 419 408 456 439 330 251 486 69 75 243 163 415 199 405 470 392 448 330 368 151 318 14 302 257 14 499 436 254 339 40 113 401 74 236 443 17 419 291 14 406 313 46 456 445 212 34 308 313 373 199 87 343 373 158 130 55 487 53 305 462 396 369 155 354 404 256 116 125 274 85 55 159 243 429 60 58 143 122 201 454 116 121 87 372 55 180 115 431 104 426 317 354 282 214 297 225 407 358 465 442 121 260 295 429 209 
426 443 361
315 355 94 176 486 401 111 395 249 279 386 194 366 150 228 478 438 252 275 192 165 261 487 369 343 90 36 267 28 370 24 311 248 95 283 246 298 209 409 359 70 105 155 96 280 125 334 477 463 70 213 111 33 53 449 133 485 330 434 322 167 194 476 167 391 192 415 108 216 282 231 6 294 21 58 492 398 83 399 216 153 471 86 247 448 118 53 487 54 452 71 193 66 428 315 271 119 209 64 80 449 421 262 61 126 339 279 146 352 52 190 350 465 281 492 4 389 440 305 134 450 144 74 78 282 402 177 174 4 121 116 152 16 25 29 278 196 355 193 500 355 464 444 60 317 199 145 193 416 103 147 411 37 274 458 353 378 310 469 453 278 426 80 188 213 361 226 237 334 313 493 95 90 279 169 49 24 445 114 230 97 255 325 70 340 194 128 35 498 182 265 171 370 67 120 193 417 227 315 470 260 173 491 422 394 325 109 46 91 187 355 477 81 145 251 226 310 204 340 48 331 377 211 221 99 400 215 382 83 54 230 336 157 76 155 71 341 494 208 303 456 309 175 431 95 119 147 216 364 357 470 187 375 87 388 214 18 69 3 41 139 337 173 183 369 412 269 78 321 11 485 95 482 107 3 235 375 54 467 399 41 115 13 157 177 104 380 323 338 362 238 395 165 406 84 384 204 22 4 84 70 234 125 223 498 165 156 435 470 499 101 196 345 427 51 105 358 284 43 243 163 319 493 46 214 188 141 139 363 463 190 405 63 53 85 242 186 479 32 451 275 260 243 14 208 190 354 248 88 83 432 159 97 429 264 38 453 175 254 331 241 469 201 496 124 222 322 1 1 261 187 148 462 15 325 286 491 14 475 282 42 289 376 47 369 394 399 18 327 227 341 441 394 30 70 490 389 331 267 103 480 207 227 262 480 38 213 235 481 229 158 238 281 22 440 442 402 367 329 43 91 1 284 204 343 312 
449 2 353
30 351 481 165 194 215 400 124 171 346 111 394 145 195 324 103 2 190 333 49 448 412 345 277 287 8 345 267 469 109 1 224 73 9 251 255 312 262 383 234 85 95 183 374 220 69 389 158 281 126 303 124 258 318 491 33 174 136 415 274 100 407 250 55 311 414 392 110 139 137 366 195 320 337 213 262 429 313 189 370 243 94 425 301 327 376 29 16 350 66 187 169 20 356 294 341 428 438 336 287 197 424 182 202 443 220 289 22 464 115 119 242 337 332 26 252 137 498 345 193 336 124 261 146 263 50 465 244 172 29 76 37 460 398 338 495 196 92 218 384 160 283 252 54 145 121 227 39 419 215 496 76 214 483 224 368 40 241 38 431 391 299 360 4 382 385 179 394 310 72 369 206 411 477 495 398 281 245 440 424 352 485 185 26 474 443 188 420 83 267 126 187 33 399 495 297 369 131 493 496 153 18 134 3 216 208 469 447 491 188 332 326 66 42 249 410 362 148 59 52 268 82 52 34 342 450 10 182 40 433 207 476 193 252 160 292 131 146 398 379 89 206 328 130 404 315 207 408 264 406 226 475 223 32 245 347 198 76 493 126 463 47 158 287 195 139 119 443 357 41 449 493 450 22 411 111 194 280 213 49 359 64 412 26 24 311 40 39 45 137 55 482 190 9 285 459 289 474 208 63 76 302 395 358 353 169 54 9 176 104 27 100 462 439 55 39 232 236 182 340 391 229 64 340 453 11 241 71 440 363 415 413 457 153 415 56 72 76 20 224 342 273 122 445 419 119 155 208 317 242 322 21 113 451 145 179 468 132 13 240 409 108 483 419 80 205 366 50 282 476 366 317 400 389 342 208 209 392 201 225 272 119 217 398 149 408 250 176 167 269 302 436 358 251 181 468 46 228 475 45 491 76 367 79 470 445 402 398 376 318 9 405 2 309 335 368 309 404 318 433 162 474 144 366 480 370 301 108 97 36 379 360 3 315 128 427 192 53 463 494 28 192 114 28 393 73 247 102 427 
283 485 313
317 419 18 354 68 210 426 84 231 370 353 55 258 172 241 240 118 409 324 325 177 47 345 266 283 59 166 120 245 357 493 289 177 92 276 465 281 90 128 31 426 54 82 38 224 60 357 326 53 96 390 298 327 151 321 292 258 303 479 451 29 174 332 467 500 172 448 146 306 264 40 317 308 31 390 262 5 163 349 153 479 88 277 61 155 44 151 364 52 192 483 470 185 53 171 138 31 156 431 85 237 254 282 471 19 403 276 490 38 133 416 154 366 171 436 378 363 466 234 13 148 236 346 293 412 15 33 242 195 428 268 50 193 89 33 412 153 84 77 263 53 161 247 384 360 58 31 22 24 196 263 120 13 25 143 420 278 352 271 256 398 456 440 354 162 229 462 292 481 379 108 199 419 141 53 399 95 45 64 344 275 216 186 303 261 76 322 360 147 324 492 279 230 132 38 120 464 442 296 155 259 212 22 464 301 467 107 380 185 279 244 8 350 276 206 69 23 221 44 433 251 230 328 71 30 163 324 53 483 463 252 278 227 127 378 302 229 272 169 202 392 334 122 455 87 329 319 391 111 447 305 1 386 72 437 392 49 147 434 364 471 266 105 292 37 287 413 231 33 460 254 437 263 328 187 204 116 135 47 400 321 364 44 
10 84 483
497 359 329 298 182 77 244 325 120 62 
325 3 441
85 408 134 474 317 258 306 306 319 439 385 431 388 129 126 306 179 237 275 212 320 285 221 249 64 218 85 85 111 479 494 395 240 149 172 127 3 52 396 249 177 386 45 274 147 263 118 78 76 241 121 311 281 85 68 266 474 373 30 115 427 263 200 13 150 82 416 370 350 39 113 196 429 355 313 434 58 363 236 453 278 121 370 278 180 113 182 194 230 57 75 279 354 229 203 423 317 434 215 50 143 326 327 468 343 109 394 27 232 322 299 199 172 135 469 156 112 201 493 176 105 183 178 204 237 342 465 326 284 461 189 337 325 469 256 25 160 476 192 158 210 210 481 491 494 108 407 245 406 129 47 26 181 225 493 43 79 48 100 337 408 55 157 427 36 277 45 234 2 384 418 259 458 352 340 377 221 197 372 335 12 429 13 432 284 65 485 203 44 244 114 474 356 404 445 273 112 468 386 104 4 325 218 249 374 485 21 314 444 388 324 307 116 313 411 223 122 341 282 153 493 79 57 129 72 296 379 351 14 479 395 318 107 159 6 341 14 327 56 166 263 39 459 500 26 210 148 135 141 99 51 349 213 76 173 371 116 119 256 160 201 230 271 165 337 42 203 270 396 84 97 168 127 33 172 76 13 494 254 43 139 410 198 270 420 314 24 408 289 57 144 225 257 358 68 377 457 266 429 261 434 371 148 1 223 157 437 187 45 295 339 268 455 445 129 420 27 19 57 319 470 198 311 129 231 
409 289 27
383 152 76 365 3 323 332 217 355 229 120 278 214 151 172 197 474 246 185 365 337 398 339 128 83 391 333 409 330 453 408 413 236 154 39 123 140 454 394 239 104 432 434 281 345 88 105 199 123 416 282 154 118 142 59 465 401 386 217 160 190 236 424 171 19 293 183 99 308 99 466 435 129 282 487 223 189 344 145 245 178 123 268 134 299 357 489 400 203 196 244 39 412 224 339 352 244 422 109 416 167 434 264 46 366 127 194 85 122 377 386 180 423 171 494 135 2 398 56 109 314 6 430 422 219 96 343 159 236 491 186 151 306 459 124 452 63 147 173 406 252 322 306 328 223 160 86 49 282 69 42 445 172 258 27 208 335 479 206 197 166 18 25 475 471 282 269 476 13 122 78 251 116 298 470 80 253 22 366 25 348 122 77 167 227 302 23 125 73 219 321 449 178 386 433 317 109 67 44 315 355 396 498 171 142 143 366 41 466 325 199 3 342 293 218 140 470 245 177 354 12 375 200 337 33 274 25 324 89 122 145 268 238 413 329 47 488 140 298 150 125 397 149 446 135 499 301 172 242 99 450 403 124 223 242 157 302 232 350 241 445 239 120 116 388 450 398 479 476 289 190 292 342 471 15 38 455 406 122 174 158 171 342 36 41 487 165 78 65 139 496 299 172 159 173 207 311 113 307 126 49 38 121 222 469 341 139 61 263 363 257 271 146 139 321 271 360 375 339 212 251 207 251 487 426 372 91 368 127 379 390 173 188 87 256 373 207 369 327 280 178 434 205 422 447 474 323 423 336 7 25 42 62 212 443 121 292 15 52 264 426 253 256 291 191 48 379 317 299 281 356 222 17 400 319 32 75 248 55 326 154 23 31 229 17 298 331 236 281 245 82 466 418 373 445 213 128 18 430 497 265 371 274 237 254 255 303 109 129 
401 341 230
460 476 357 268 173 173 253 429 369 164 330 222 87 445 37 426 459 307 129 33 242 261 365 397 27 445 17 104 14 437 29 351 296 168 86 136 440 413 439 283 389 58 331 422 495 272 79 443 303 408 423 186 105 445 416 299 471 129 405 73 416 157 366 228 362 84 388 145 233 390 162 175 440 462 207 324 484 453 393 68 244 334 41 124 346 210 184 367 79 450 298 17 98 263 161 442 357 193 353 282 48 76 465 272 478 91 464 96 206 494 497 360 26 239 367 155 197 211 161 244 38 466 346 308 136 488 108 411 373 141 426 443 426 276 326 499 192 379 231 351 391 158 184 135 322 33 137 457 7 438 111 367 268 216 387 457 115 200 61 347 394 62 135 130 450 160 259 36 161 9 488 269 49 345 482 270 267 70 475 425 132 174 34 463 314 224 346 385 466 332 222 291 136 71 163 52 285 198 249 122 161 41 335 9 499 55 422 397 121 192 88 285 238 107 398 481 415 462 230 188 433 378 185 466 244 195 48 28 137 456 16 486 164 91 260 67 106 48 470 171 376 150 110 173 343 453 442 197 239 350 473 65 269 204 122 193 254 448 444 279 260 104 284 147 35 419 334 117 80 256 432 273 417 447 219 439 470 28 143 142 382 256 89 392 305 237 371 48 432 57 360 172 485 104 280 150 101 269 286 236 376 407 281 139 323 305 252 496 455 249 445 372 137 68 215 186 185 4 306 326 404 430 460 477 153 58 470 62 351 369 428 379 291 293 493 264 371 355 165 438 447 362 64 432 187 50 107 103 366 135 41 188 61 263 223 142 219 361 284 208 467 91 192 172 171 343 47 400 460 481 265 265 137 448 451 462 217 22 409 206 79 53 190 477 152 360 287 452 147 277 159 471 296 364 398 115 439 279 429 56 490 
15 385 481
66 419 28 321 497 412 81 468 136 50 70 402 156 313 138 
403 134 481
303 456 107 222 217 117 27 194 357 32 253 41 130 345 280 20 485 394 301 473 6 500 393 482 36 355 445 394 117 94 43 359 124 363 138 258 443 494 180 477 20 151 470 20 110 297 373 361 483 356 293 63 153 55 251 73 414 55 87 91 488 34 498 446 301 343 16 441 486 469 489 382 378 262 56 430 442 106 53 120 454 408 99 296 110 292 189 343 494 246 79 108 295 174 23 487 483 341 333 25 379 371 322 499 359 237 320 468 301 8 266 268 30 6 241 34 353 12 464 180 377 430 344 330 41 267 375 172 90 360 74 180 6 471 324 247 162 202 68 10 449 146 310 180 150 165 435 287 210 423 411 36 95 360 234 159 12 81 389 258 10 161 418 57 138 414 254 109 189 80 466 149 264 37 256 298 419 122 91 314 92 372 142 463 184 355 66 413 182 183 141 101 135 491 473 487 132 19 380 207 378 45 142 227 15 372 257 357 482 404 283 54 104 116 117 346 219 252 11 390 344 353 324 122 324 159 311 288 269 211 282 188 138 334 418 234 286 484 8 497 484 100 10 201 398 50 73 399 174 114 241 72 178 477 405 107 211 229 361 491 143 358 121 336 344 402 12 176 84 344 249 118 8 285 201 358 282 247 289 171 131 95 321 457 251 112 397 409 430 324 50 344 470 199 332 499 414 266 104 475 271 333 33 291 441 328 247 149 416 114 125 79 303 71 10 191 181 229 390 481 50 21 467 275 124 383 164 89 230 465 264 70 289 239 222 83 370 84 164 342 348 4 486 334 246 211 228 169 274 165 22 337 447 259 91 464 291 197 176 154 414 64 30 45 7 221 227 227 388 470 432 493 441 177 319 479 411 475 360 3 191 439 241 95 196 431 134 3 85 338 472 270 88 114 365 4 377 116 33 488 91 158 228 
34 264 483
152 196 60 42 449 216 408 401 269 470 146 220 200 236 432 409 468 149 113 228 126 462 203 131 138 498 311 111 119 417 117 306 22 460 
187 431 188
122 324 383 180 242 114 335 358 455 417 119 161 68 84 42 168 189 177 151 385 453 116 50 370 43 64 250 348 78 257 411 10 176 193 90 321 22 150 43 335 400 439 387 286 133 371 179 435 132 110 199 162 382 309 218 172 258 204 417 254 460 238 229 479 318 385 330 85 292 346 66 20 296 92 470 195 53 40 91 371 456 167 404 134 447 467 384 145 127 271 70 16 113 334 223 129 205 357 354 211 327 228 217 263 45 14 336 17 101 200 452 81 75 168 374 44 74 366 339 105 199 383 310 151 109 484 460 377 439 489 323 447 271 359 34 78 73 234 288 191 147 123 492 96 282 481 52 216 89 54 436 29 200 245 180 254 352 169 68 101 109 209 268 389 332 2 345 405 178 436 75 469 165 425 199 377 425 166 58 215 118 47 210 320 344 181 365 
234 302 113
396 343 251 136 94 142 87 194 37 146 450 120 316 380 458 153 86 310 265 98 385 220 383 400 331 346 253 402 189 5 464 64 352 375 350 476 185 157 138 207 183 331 387 173 308 31 357 324 188 213 8 42 469 187 442 103 148 99 341 474 383 102 68 378 135 55 104 247 224 163 494 316 487 220 475 337 450 110 136 263 334 98 347 346 350 385 182 182 343 36 431 347 320 330 463 167 434 245 199 430 143 198 191 267 336 463 413 6 87 278 58 260 340 135 423 50 242 124 323 134 352 309 63 326 47 43 214 54 461 233 265 321 176 116 134 38 178 410 81 161 435 346 255 307 81 194 127 242 4 31 453 190 134 460 492 67 449 172 19 472 219 197 116 335 32 313 325 150 254 336 343 402 117 98 227 438 190 35 494 397 362 271 224 356 406 231 192 382 121 425 376 285 468 15 83 242 30 263 298 55 60 446 279 448 166 202 270 419 54 416 314 381 256 362 352 334 176 289 82 398 264 359 147 397 261 491 409 464 391 452 487 245 347 139 
417 217 140
299 48 256 122 223 90 372 463 59 153 101 243 499 298 401 22 269 30 412 406 391 56 278 250 444 358 180 160 207 1 207 387 412 253 187 97 267 6 475 167 467 79 137 395 383 193 293 410 335 51 205 270 109 235 44 377 381 10 55 298 138 491 191 91 38 481 188 440 57 230 378 495 500 74 390 213 396 333 63 316 209 36 121 174 500 70 45 416 185 338 339 390 153 295 293 226 55 125 9 403 64 414 156 180 84 255 276 33 415 235 86 305 428 480 44 33 81 437 151 224 319 108 236 248 59 37 65 292 121 175 365 29 116 354 471 362 491 264 18 250 286 363 128 117 268 371 22 20 330 124 348 261 96 147 382 47 396 58 214 464 400 456 207 351 41 366 137 88 267 382 41 249 244 434 267 364 83 333 179 26 122 171 477 358 67 115 257 183 401 180 497 22 170 125 260 424 292 214 323 46 310 418 5 206 221 342 241 260 43 358 302 41 22 66 34 328 400 272 236 77 433 373 94 459 257 436 216 133 52 110 49 333 256 314 74 52 310 201 404 4 359 430 257 270 28 14 367 50 39 478 272 441 352 123 269 103 29 479 234 45 130 214 222 417 355 312 416 11 298 105 464 394 56 473 70 251 63 397 407 117 241 389 482 10 143 368 174 225 396 137 52 93 296 439 104 441 369 287 166 64 437 64 483 370 468 171 310 240 247 120 244 457 305 29 19 277 217 490 313 238 84 465 300 429 252 143 73 190 138 142 234 251 336 336 176 50 209 76 13 284 361 500 316 441 344 255 46 258 218 91 77 158 129 13 419 228 394 100 398 355 80 151 494 331 334 363 342 419 239 73 218 456 344 335 184 313 280 485 154 28 183 254 211 480 377 464 49 190 240 136 199 269 89 185 327 125 199 104 170 144 256 144 202 119 368 375 296 263 351 8 242 151 307 475 311 500 454 
102 344 369
276 189 447 403 208 180 80 208 91 163 200 258 346 71 14 126 266 83 415 312 301 177 411 448 18 270 129 263 331 7 494 402 450 213 4 370 222 404 143 217 135 128 92 476 65 500 132 157 261 370 231 431 220 174 265 67 136 67 1 149 489 359 72 172 332 382 348 226 494 457 102 239 150 303 125 112 119 181 344 75 41 402 246 457 14 285 180 143 410 278 382 445 486 438 225 448 460 47 44 130 432 307 
50 81 226
208 468 194 422 156 372 377 491 254 121 141 363 393 463 69 51 263 385 348 429 88 77 321 261 44 312 151 256 218 83 317 335 311 105 87 2 71 207 474 153 486 136 137 257 177 196 332 164 366 170 
193 21 498
488 133 396 425 224 264 499 91 265 472 16 64 444 331 197 401 112 143 234 374 386 241 234 187 229 337 48 111 321 225 158 14 322 252 416 154 204 354 468 352 432 181 388 331 477 141 89 257 284 147 131 142 393 390 177 302 383 120 199 274 274 328 177 405 410 71 69 215 331 176 51 298 387 187 108 497 84 70 373 13 459 239 210 230 259 428 479 198 178 168 5 44 84 61 372 171 358 42 263 272 270 395 449 326 439 491 331 124 460 381 58 176 340 266 190 62 477 338 111 223 441 29 51 359 161 320 408 317 236 336 103 205 73 315 137 126 133 152 105 494 494 443 391 318 369 29 291 206 391 49 89 217 470 240 116 341 31 215 456 249 353 418 388 378 108 183 171 260 14 255 175 65 390 300 468 343 488 388 126 286 233 56 473 156 295 129 408 92 111 455 500 405 56 
312 68 310
203 83 152 350 369 372 176 87 240 367 465 24 146 494 2 303 50 300 404 348 453 316 296 166 168 199 373 320 127 493 258 301 465 44 491 122 217 366 208 182 488 236 299 427 27 220 388 7 316 397 65 433 180 175 307 97 324 204 378 397 116 265 83 54 159 198 376 399 313 125 300 496 465 372 233 489 51 265 214 368 121 30 453 384 288 341 237 67 353 141 471 338 80 457 494 20 401 388 344 69 418 331 407 352 89 415 344 210 105 318 38 300 106 131 338 3 484 4 434 79 116 352 80 210 43 385 197 69 231 295 438 83 296 149 145 289 430 376 482 191 119 358 416 169 103 201 342 463 54 112 51 477 93 321 482 109 33 156 294 95 201 275 318 31 447 42 95 65 413 444 313 362 487 122 26 321 259 184 93 465 212 370 96 393 420 138 496 303 314 171 81 169 90 359 384 64 70 260 227 419 313 179 313 489 342 138 246 54 148 395 297 343 447 42 3 406 281 100 23 320 153 85 280 42 460 147 385 166 174 43 212 3 296 279 268 398 52 189 379 147 388 327 244 267 250 147 174 47 283 113 202 92 55 311 9 220 25 488 112 422 468 156 411 453 376 159 12 323 24 84 194 292 256 76 230 199 47 194 436 57 119 489 289 311 260 52 383 154 122 66 134 210 162 423 118 121 458 65 421 254 100 190 82 200 416 181 361 241 68 18 9 129 
138 84 215
305 12 305 143 12 475 204 133 47 472 423 16 344 298 386 449 53 390 96 399 497 347 322 327 288 283 480 346 439 269 385 164 235 23 54 224 410 355 171 36 245 316 492 485 368 4 221 330 179 11 217 162 290 419 52 127 336 90 392 22 111 67 264 452 323 276 342 258 448 460 107 112 253 416 260 138 426 72 275 375 156 279 422 349 403 386 331 2 481 465 429 78 486 471 262 380 162 225 434 269 406 336 291 411 277 430 108 174 199 385 391 209 108 50 174 334 109 357 62 343 383 318 487 480 118 4 463 461 177 92 421 246 48 152 447 60 199 284 
483 117 60
376 358 195 491 147 426 185 126 60 218 246 70 291 488 126 244 79 286 18 319 70 384 104 86 196 368 231 425 411 315 124 293 437 299 349 325 132 422 397 195 75 250 423 366 338 141 72 353 228 132 151 211 354 194 420 217 107 326 141 233 174 60 418 20 240 283 427 498 67 125 394 200 101 179 399 195 109 185 104 380 103 200 309 239 110 16 464 83 183 428 85 425 283 467 159 377 381 18 230 230 21 96 296 10 228 237 205 81 457 109 368 440 207 207 447 189 4 233 170 241 498 495 367 479 72 308 492 87 307 351 405 305 261 114 116 207 162 295 222 112 309 200 240 171 165 400 369 379 245 290 434 304 357 182 407 130 222 378 488 360 319 39 412 108 97 288 97 325 428 329 104 245 27 264 254 120 222 8 388 492 205 155 42 27 112 322 402 250 309 194 415 119 105 477 452 121 303 177 107 146 242 28 90 498 241 97 144 51 8 363 163 44 296 51 248 381 2 154 323 43 253 135 202 4 205 470 72 126 392 170 479 368 367 416 189 457 320 56 301 211 239 240 130 383 166 495 196 324 121 59 259 241 369 34 472 335 47 461 400 37 148 411 472 402 493 228 495 72 100 253 314 298 21 251 37 189 198 26 224 259 447 289 37 248 51 51 241 416 143 35 73 68 55 67 6 411 122 269 374 397 457 359 198 223 308 222 213 242 13 441 138 305 313 39 333 496 353 297 25 35 160 452 38 297 137 62 465 473 415 323 277 278 199 267 361 115 178 310 493 118 235 60 365 300 439 146 135 17 140 480 197 392 83 75 323 102 117 150 394 147 384 277 461 165 441 161 443 12 361 390 62 298 224 494 30 491 361 49 172 175 476 29 92 439 88 480 233 226 225 32 228 209 160 427 232 105 232 15 13 243 370 168 378 20 344 343 488 182 307 133 55 435 196 200 11 308 131 81 151 477 459 243 172 383 229 478 402 478 392 64 262 48 444 64 215 197 426 304 183 53 320 421 404 91 106 468 108 116 359 231 5 298 251 69 17 377 229 6 433 459 245 62 114 383 337 103 157 234 75 257 327 268 65 78 420 4 244 102 5 425 6 393 268 
395 286 342
287 311 385 494 495 130 83 58 422 421 259 449 330 437 364 177 489 475 94 407 310 171 191 161 286 248 154 469 490 375 174 267 434 325 273 371 139 98 469 87 429 316 203 209 444 412 366 493 468 271 43 390 167 346 459 462 425 118 276 235 2 374 187 336 71 240 393 132 426 108 400 245 111 406 353 364 215 397 396 496 224 198 472 376 53 191 331 77 60 441 464 376 441 165 63 144 5 322 292 486 226 430 180 386 69 473 477 33 205 394 1 163 146 17 256 127 150 429 365 405 59 147 429 216 29 314 254 332 205 92 212 13 225 241 81 116 366 55 194 245 24 74 500 298 317 473 392 79 145 115 279 299 412 111 469 486 493 258 144 331 333 483 439 200 419 477 111 371 494 135 14 167 55 136 414 228 214 488 264 235 307 371 370 438 113 424 302 59 177 265 424 330 483 177 418 175 347 210 282 40 374 377 295 412 31 114 303 1 7 472 144 348 483 452 366 259 277 360 197 214 166 168 488 308 443 40 213 475 361 113 305 338 85 464 54 160 227 407 159 263 102 279 352 6 261 178 267 221 449 442 346 372 391 129 498 270 123 187 239 8 357 384 469 471 171 226 123 70 195 15 281 375 258 215 131 472 345 165 308 309 136 374 293 92 328 182 319 475 437 145 266 125 276 361 226 200 68 10 489 371 300 198 171 264 200 67 79 382 448 433 231 30 238 76 433 111 498 189 355 209 420 428 448 283 405 442 300 47 177 76 226 270 252 388 331 339 311 338 178 281 129 298 474 381 387 452 284 36 500 80 209 313 341 495 98 382 40 129 418 20 57 436 60 312 41 45 2 307 439 482 461 389 457 140 18 222 72 354 248 153 442 114 259 353 91 58 308 425 325 485 278 223 465 283 304 
484 498 162
160 394 93 398 420 297 115 244 311 328 48 350 82 347 49 418 115 453 258 9 93 324 413 174 78 479 48 291 390 379 265 405 53 120 440 470 94 238 27 420 72 72 428 421 393 452 52 418 358 493 394 420 91 168 36 459 23 136 186 85 138 496 199 491 396 227 380 30 181 352 197 81 455 313 18 333 447 172 263 173 108 143 212 151 288 149 236 402 285 335 383 237 487 48 201 81 410 280 169 126 459 453 210 8 150 472 93 267 90 118 270 39 453 334 83 438 25 170 103 198 39 8 144 72 194 47 284 97 283 105 332 255 365 464 157 239 86 456 314 388 60 311 10 472 180 16 308 305 298 472 268 71 467 306 328 324 439 216 235 29 475 282 480 395 419 479 478 488 195 198 311 38 443 143 158 492 386 166 418 420 187 470 176 149 483 442 259 483 254 420 190 195 182 183 225 475 260 3 390 261 340 189 335 315 180 413 43 255 135 51 69 204 391 221 117 88 204 151 190 215 291 394 330 285 68 203 72 139 186 375 188 132 463 143 370 493 134 97 428 445 227 195 113 23 500 457 357 145 322 426 336 174 286 319 110 50 68 494 220 480 307 184 176 308 434 329 328 334 219 277 497 383 466 148 99 231 220 13 276 442 193 318 269 191 130 479 66 73 355 1 298 72 124 317 274 292 130 45 14 277 269 474 406 183 356 211 234 358 76 401 297 168 212 332 294 118 68 65 46 40 69 192 360 173 25 143 411 190 199 343 196 246 205 319 392 62 208 287 422 386 16 274 388 308 244 336 373 450 464 445 443 198 390 290 392 21 482 365 95 205 489 66 300 381 335 113 2 105 35 190 228 45 107 460 329 16 158 381 169 169 302 360 460 163 429 312 37 74 354 364 376 337 119 315 452 269 51 71 96 422 353 332 411 17 467 122 177 210 56 115 267 6 186 458 78 347 108 29 172 467 122 428 352 222 447 214 203 216 400 275 79 263 414 150 391 197 402 137 103 404 278 176 417 69 303 26 356 298 9 6 296 320 82 216 466 60 63 178 498 474 15 449 398 170 474 68 284 161 37 253 19 252 438 489 62 22 498 493 166 92 293 62 141 468 
490 402 332
116 296 147 279 277 185 262 313 289 24 301 403 468 420 357 186 433 346 473 307 173 235 230 156 442 52 42 296 465 382 450 193 252 210 282 349 310 11 254 165 131 293 358 219 396 146 245 138 494 319 102 218 315 62 214 323 122 149 350 115 274 218 488 182 201 176 339 237 205 24 336 32 4 245 466 365 168 237 354 262 49 213 108 25 454 183 329 170 473 418 109 313 379 41 434 222 491 464 61 137 78 67 365 149 48 116 182 168 224 295 64 179 309 48 248 384 47 117 98 281 240 461 4 331 213 284 453 279 251 380 217 168 262 407 336 449 38 110 50 420 489 45 322 131 318 152 70 377 267 310 489 53 425 351 206 7 118 231 384 331 439 5 367 146 267 93 118 486 280 434 173 305 297 367 289 365 220 320 109 19 500 20 307 157 402 164 216 372 227 286 172 434 117 351 290 280 323 401 487 355 446 266 143 168 469 189 264 478 223 50 230 15 84 432 300 77 141 444 21 154 84 241 437 418 408 202 362 241 408 119 126 197 270 52 346 352 77 130 152 340 367 412 248 234 105 45 88 146 412 42 366 474 182 471 438 197 35 77 448 129 416 227 127 194 125 209 419 289 70 128 69 370 60 411 308 241 29 249 429 435 386 476 286 415 31 241 76 494 56 269 168 473 222 288 223 148 143 192 64 180 450 237 466 61 43 54 41 28 375 282 298 132 226 300 378 221 288 435 426 310 126 270 433 192 417 488 18 331 360 123 201 348 99 402 7 223 82 355 408 245 74 309 233 166 38 39 458 333 130 289 437 224 197 76 448 206 43 129 291 362 109 428 78 313 147 419 461 439 350 60 89 10 8 6 486 312 417 221 133 350 376 427 197 92 125 419 404 291 355 404 231 173 52 5 162 24 212 471 4 105 84 386 287 330 308 277 146 158 95 109 36 300 133 57 237 119 258 71 54 456 57 320 397 472 491 252 249 356 53 96 451 430 82 357 266 410 54 342 245 68 136 473 322 176 423 274 425 283 384 235 137 368 337 43 258 48 20 269 124 381 485 180 63 433 282 393 280 381 238 4 454 487 204 315 440 361 481 63 342 343 283 120 186 392 331 355 422 500 301 198 
95 166 331
268 168 178 147 258 138 339 140 260 354 134 491 144 326 435 259 492 172 436 139 206 257 283 391 125 172 168 397 413 261 368 343 220 73 274 8 147 143 236 452 155 396 42 94 168 439 407 425 249 274 176 200 441 429 261 317 145 433 44 131 260 479 345 104 319 190 408 299 225 385 25 351 154 209 321 403 134 67 479 95 409 113 22 278 9 271 206 161 23 232 361 465 353 396 47 
93 72 166
312 479 232 480 49 191 44 25 361 411 492 451 250 369 402 364 246 54 133 214 463 352 487 310 394 422 9 417 419 366 250 215 262 412 340 301 348 313 264 287 398 443 496 159 277 27 274 308 397 270 202 107 499 140 420 278 36 394 83 470 100 195 213 450 347 26 189 244 123 42 337 276 138 153 67 246 282 333 194 133 334 272 412 125 246 387 23 389 186 301 401 6 159 
300 322 247
466 45 494 32 37 112 212 483 443 299 165 329 412 267 182 434 497 234 427 469 333 471 420 34 56 467 289 37 90 422 435 246 64 329 404 342 379 245 117 236 145 199 218 243 11 489 413 180 103 398 147 131 47 222 283 282 402 476 276 28 88 175 277 11 128 302 303 409 435 375 240 309 190 43 193 153 120 144 381 282 179 138 475 54 68 414 476 109 329 84 198 39 466 464 60 81 494 488 115 226 119 156 316 344 36 46 224 211 134 358 232 257 333 128 52 46 77 309 178 326 448 308 91 81 310 106 490 327 274 244 196 76 306 187 239 393 254 95 249 360 217 405 199 296 414 371 255 101 145 114 458 458 220 298 494 31 291 399 128 261 357 220 441 268 265 15 483 417 389 340 409 68 426 75 438 464 384 239 229 72 272 485 236 400 343 3 185 181 81 93 154 268 246 473 484 98 495 174 181 248 100 296 384 293 476 110 153 268 254 168 325 2 387 329 52 457 135 240 174 454 12 151 99 408 453 88 423 189 120 143 316 393 323 311 53 316 279 428 471 321 73 426 394 25 380 200 334 304 188 155 246 458 309 252 153 380 303 283 363 386 229 154 226 500 75 333 302 180 444 471 337 143 207 381 59 33 270 437 362 62 172 230 153 362 160 26 318 293 431 76 412 360 104 315 366 359 414 106 249 143 
470 351 321
161 295 233 145 139 34 24 35 455 269 7 382 126 447 316 255 395 53 313 145 4 388 22 79 395 178 10 19 329 357 85 233 212 58 14 16 319 350 465 374 382 275 400 427 465 216 182 476 341 126 480 412 1 254 351 62 483 51 222 240 83 194 44 19 3 294 320 468 232 17 409 483 383 224 152 282 352 402 168 344 159 489 88 295 96 468 363 399 97 492 284 239 4 299 431 437 151 313 152 105 366 335 22 390 408 2 303 412 50 210 230 381 286 222 17 79 484 257 260 489 121 41 37 386 254 191 462 262 447 3 268 462 235 229 421 206 6 36 297 53 348 431 308 189 102 485 479 356 226 277 35 158 80 14 190 247 14 275 337 427 288 294 297 116 104 318 403 397 212 299 338 373 57 89 58 493 322 251 286 149 298 149 129 44 174 308 49 431 459 389 400 484 245 432 468 343 500 418 246 349 124 110 302 115 14 136 352 173 71 35 46 24 307 116 392 480 242 94 220 478 86 332 247 337 31 205 71 191 5 238 216 499 286 261 57 456 79 185 242 157 184 166 235 11 46 118 430 78 265 124 137 236 118 332 459 10 498 479 500 212 459 217 487 439 383 196 375 345 99 275 33 64 298 15 393 379 134 292 61 374 94 195 142 252 333 242 294 378 173 400 210 389 495 187 489 380 239 332 92 195 19 410 475 64 29 498 428 168 448 201 287 255 294 146 66 44 499 145 461 474 225 424 257 284 465 177 328 388 85 432 376 429 466 487 2 479 96 147 312 118 387 337 90 463 264 165 412 202 445 53 153 414 425 85 296 119 48 374 98 413 293 304 227 202 433 97 28 22 395 467 350 240 144 85 172 124 349 448 214 483 255 139 276 202 258 429 317 427 449 162 338 492 377 69 14 441 131 28 223 221 427 309 176 283 131 328 412 487 265 272 103 414 268 270 188 194 80 79 371 171 91 122 72 49 23 390 167 275 297 193 129 491 404 105 295 500 319 306 174 152 367 420 311 29 153 474 192 98 386 240 342 89 495 457 236 128 59 12 416 104 191 235 80 138 141 260 276 340 241 259 
306 456 69
61 402 58 297 208 343 277 312 123 250 187 133 371 18 124 454 185 391 64 132 494 319 316 363 329 18 298 380 52 300 119 435 370 272 43 381 159 111 448 171 288 143 406 304 192 322 91 47 243 22 259 429 167 74 266 434 108 252 101 49 244 436 221 117 67 381 186 108 371 215 447 415 303 205 226 64 213 464 127 391 97 336 64 413 181 20 420 393 474 312 176 47 92 138 457 221 452 326 267 439 120 323 194 135 317 149 327 458 385 48 257 374 168 192 360 441 392 319 489 152 346 361 260 467 10 350 295 376 102 229 232 162 75 283 32 332 57 321 429 126 357 54 125 327 223 284 459 160 84 42 379 32 456 163 253 156 380 429 19 81 440 351 64 16 135 195 123 145 259 134 451 159 435 251 190 455 38 403 213 243 470 49 76 493 348 9 363 23 438 481 300 245 166 249 482 302 57 375 13 123 472 101 86 478 125 49 337 369 6 405 478 349 153 345 421 402 343 365 34 232 187 27 431 184 293 345 443 111 96 51 139 186 359 296 262 490 359 113 35 90 489 246 78 199 470 416 410 36 340 222 141 166 255 340 92 85 108 397 139 24 400 203 253 197 56 397 375 128 495 324 370 242 6 214 304 269 183 199 355 310 52 404 138 342 466 406 47 349 15 455 498 144 313 492 298 393 280 178 361 384 287 472 319 160 42 197 
489 182 57
382 491 281 198 372 139 191 73 127 448 443 159 477 219 136 340 96 500 381 94 213 87 237 255 139 441 52 435 379 433 359 355 66 372 145 382 112 68 242 254 422 299 280 31 178 471 151 180 340 273 213 302 441 195 192 5 280 186 499 296 81 172 219 480 333 472 273 180 249 51 10 120 122 223 411 399 177 427 367 461 301 82 83 325 402 95 44 379 371 120 257 353 185 13 443 267 485 316 409 285 435 483 36 204 45 233 29 380 392 225 17 240 466 83 321 322 163 400 346 144 103 164 221 307 408 466 394 352 268 120 474 396 227 459 152 8 222 157 2 328 338 45 327 232 110 16 131 69 198 225 441 461 314 126 464 205 299 77 193 65 148 379 28 61 207 348 213 387 401 15 69 486 363 269 45 385 423 436 162 118 6 424 198 221 127 434 162 407 4 327 484 168 304 51 2 337 329 290 64 466 242 143 379 63 379 279 210 4 40 360 434 66 223 119 472 440 78 331 166 86 237 4 434 349 131 138 5 395 375 89 376 224 193 496 219 121 434 196 387 392 80 120 374 320 282 136 180 366 187 486 200 153 345 95 235 454 439 301 285 379 463 356 42 373 114 419 18 299 373 413 128 245 149 400 50 369 213 69 494 140 190 420 433 404 435 94 105 297 323 52 497 318 40 173 13 17 313 340 147 478 138 251 312 455 494 272 440 243 149 250 109 365 235 3 405 412 21 227 13 313 291 254 169 15 385 122 498 457 350 343 315 152 6 113 39 307 151 196 158 485 18 481 282 38 259 227 27 24 410 459 494 207 67 429 274 50 148 256 229 420 466 364 174 327 353 61 238 316 68 215 228 248 153 100 220 349 108 242 156 436 10 294 66 269 359 179 120 83 4 131 229 331 115 190 15 355 352 201 289 391 141 262 315 198 412 417 228 189 79 10 19 120 61 399 309 26 287 229 226 355 265 74 10 4 238 499 270 94 309 103 435 403 286 121 490 114 489 438 329 103 221 116 253 361 403 252 292 427 491 191 217 381 75 347 145 221 224 317 280 254 98 344 105 116 100 196 466 16 210 247 108 69 28 68 401 254 208 295 107 86 292 29 392 454 142 16 462 422 407 
293 319 256
153 3 54 490 357 11 327 5 201 94 136 258 178 422 380 208 444 209 405 310 224 326 424 481 6 82 312 241 341 462 88 83 48 362 63 182 86 477 136 260 416 34 47 234 98 390 282 138 215 410 327 67 272 20 161 378 308 85 340 244 293 214 302 156 150 471 400 7 264 323 258 201 449 54 458 61 163 35 302 344 457 354 304 22 137 201 90 141 286 33 410 154 246 19 67 189 159 155 392 441 81 201 268 132 419 183 51 160 199 311 117 98 403 161 293 266 269 46 71 79 245 169 213 124 402 274 226 147 410 402 123 461 179 347 115 98 46 417 262 183 245 20 202 289 419 258 237 319 266 351 141 7 90 11 197 269 372 227 495 305 1 276 435 130 412 385 423 222 418 488 50 172 325 51 14 312 170 310 409 398 475 31 244 89 55 273 335 365 56 210 499 483 431 41 225 12 122 255 419 441 187 399 132 137 143 483 112 411 189 413 69 342 191 392 195 34 174 444 123 117 498 443 2 45 496 428 420 64 328 88 7 2 301 356 16 477 119 446 197 375 302 239 268 491 196 88 219 93 149 15 80 155 262 33 175 168 360 478 162 205 497 333 500 429 380 333 233 289 157 490 181 499 207 392 314 78 181 360 180 98 446 180 483 42 56 442 99 107 216 163 155 247 119 
326 58 349
304 311 107 131 341 216 43 463 199 479 41 29 358 140 385 158 395 401 167 31 108 212 457 395 426 459 164 430 93 23 148 306 89 237 451 190 7 416 208 188 370 381 70 167 351 139 478 460 162 380 189 272 326 79 146 375 115 382 405 495 35 195 127 96 280 297 101 111 135 466 239 405 411 446 284 41 36 263 280 468 474 319 201 144 335 61 166 435 43 111 153 1 45 76 194 468 323 177 184 472 493 326 341 194 116 490 121 97 469 230 251 227 463 390 306 187 473 97 424 311 499 136 476 277 403 444 130 471 231 303 353 8 262 379 161 411 340 137 205 242 154 417 26 323 253 39 168 334 29 478 468 480 173 411 432 42 374 200 391 464 313 369 284 383 336 94 416 189 39 174 61 8 115 284 114 391 104 409 476 248 44 385 292 265 55 129 98 212 436 400 304 120 243 40 176 494 97 327 265 275 1 199 361 160 20 179 430 140 144 415 442 253 200 314 221 34 231 485 117 363 18 183 106 421 299 447 217 92 103 18 45 426 382 6 140 389 58 301 263 328 29 210 265 334 203 417 30 468 355 413 383 268 228 311 440 397 88 264 156 161 400 495 428 208 99 396 422 280 327 240 112 254 15 218 474 206 436 233 361 289 446 311 280 358 463 430 322 119 13 361 33 346 479 473 29 272 470 440 257 111 413 166 47 30 459 26 85 441 498 352 266 36 88 388 21 261 493 273 214 8 348 383 107 486 315 253 
105 380 306
412 483 128 114 176 113 81 47 68 405 344 475 284 438 286 464 16 306 302 380 496 178 223 464 210 199 313 66 23 51 15 45 318 160 199 180 414 428 106 300 170 498 146 362 162 244 433 324 375 126 196 326 35 186 40 29 458 384 255 103 323 172 479 14 475 445 154 73 447 320 421 339 469 221 239 407 434 158 180 283 77 230 355 289 285 387 243 347 478 299 473 282 45 143 23 201 363 445 255 475 429 220 315 78 69 
418 306 210
471 93 8 253 41 157 388 172 459 301 197 250 396 31 214 139 5 317 52 52 2 134 189 13 130 5 459 339 310 492 311 471 463 107 12 14 120 204 62 95 121 87 77 438 266 265 495 462 102 454 49 146 380 397 305 299 443 155 265 201 304 372 250 262 20 92 260 179 206 190 341 393 491 81 336 479 453 173 187 219 53 185 6 126 256 220 146 124 416 324 262 379 362 241 365 23 71 456 204 190 123 496 81 84 409 261 5 202 289 450 126 58 302 282 227 238 360 111 452 266 144 43 217 155 301 308 223 278 200 370 269 56 271 222 371 435 31 240 160 337 73 317 344 184 305 462 365 289 386 66 356 448 381 282 246 176 477 73 52 303 74 22 30 421 213 295 190 394 436 277 189 413 147 285 34 407 209 45 80 455 338 103 452 378 497 118 10 118 410 23 8 19 251 437 35 458 54 96 215 394 289 302 257 59 49 123 47 60 212 27 110 208 422 305 266 177 485 302 211 293 160 438 444 132 137 279 181 205 135 100 281 313 374 387 143 1 324 354 467 192 200 274 241 388 77 238 446 251 421 227 404 77 290 160 103 32 297 387 139 304 493 272 456 248 363 209 99 265 252 331 3 261 378 333 68 399 246 262 407 385 37 156 378 446 65 246 193 285 343 278 429 189 479 331 164 243 280 424 494 9 152 126 326 481 70 386 464 245 378 263 421 383 416 298 7 440 22 283 83 213 79 35 80 166 372 326 62 59 500 23 7 191 10 102 268 10 255 257 147 262 389 146 492 230 264 464 10 467 430 180 104 82 356 455 199 102 491 25 233 438 56 175 58 134 116 147 126 226 231 412 383 386 467 78 17 392 135 179 79 231 68 72 480 378 220 473 438 233 125 255 153 73 296 419 183 457 463 443 319 220 448 256 212 118 499 12 87 19 474 35 291 73 411 381 363 264 261 398 
500 500 500
0 0 0 0 0 0 0 0 0 0 0 0 0 0 0 0 0 0 0 0 0 0 0 0 0 0 0 0 0 0 0 0 0 0 0 0 0 0 0 0 0 0 0 0 0 0 0 0 0 0 0 0 0 0 0 0 0 0 0 0 0 0 0 0 0 0 0 0 0 0 0 0 0 0 0 0 0 0 0 0 0 0 0 0 0 0 0 0 0 0 0 0 0 0 0 0 0 0 0 0 0 0 0 0 0 0 0 0 0 0 0 0 0 0 0 0 0 0 0 0 0 0 0 0 0 0 0 0 0 0 0 0 0 0 0 0 0 0 0 0 0 0 0 0 0 0 0 0 0 0 0 0 0 0 0 0 0 0 0 0 0 0 0 0 0 0 0 0 0 0 0 0 0 0 0 0 0 0 0 0 0 0 0 0 0 0 0 0 0 0 0 0 0 0 0 0 0 0 0 0 0 0 0 0 0 0 0 0 0 0 0 0 0 0 0 0 0 0 0 0 0 0 0 0 0 0 0 0 0 0 0 0 0 0 0 0 0 0 0 0 0 0 0 0 0 0 0 0 0 0 0 0 0 0 0 0 0 0 0 0 0 0 0 0 0 0 0 0 0 0 0 0 0 0 0 0 0 0 0 0 0 0 0 0 0 0 0 0 0 0 0 0 0 0 0 0 0 0 0 0 0 0 0 0 0 0 0 0 0 0 0 0 0 0 0 0 0 0 0 0 0 0 0 0 0 0 0 0 0 0 0 0 0 0 0 0 0 0 0 0 0 0 0 0 0 0 0 0 0 0 0 0 0 0 0 0 0 0 0 0 0 0 0 0 0 0 0 0 0 0 0 0 0 0 0 0 0 0 0 0 0 0 0 0 0 0 0 0 0 0 0 0 0 0 0 0 0 0 0 0 0 0 0 0 0 0 0 0 0 0 0 0 0 0 0 0 0 0 0 0 0 0 0 0 0 0 0 0 0 0 0 0 0 0 0 0 0 0 0 0 0 0 0 0 0 0 0 0 0 0 0 0 0 0 0 0 0 0 0 0 0 0 0 0 0 0 0 0 0 0 0 0 0 0 0 0 0 0 0 0 0 0 0 0 0 0 0 0 0 0 0 0 0 0 0 0 0 0 0 0 
